[TableOverride]
ViewCabMode = 2
ViewCabScaleX = 1.280866
ViewCabScaleY = 1.000000
ViewCabScaleZ = 1.000000
ViewCabRotation = 0.000000
ViewCabHOfs = 0.000000
ViewCabVOfs = -11.195301
ViewCabWindowTop = 400.000000
ViewCabWindowBot = 210.000000

[Player]
ScreenPlayerX = 0.000000
ScreenPlayerY = -5.000000
ScreenPlayerZ = 75.000000